10001010 11001000 11100001 10110010 10111000 00101100 11001110 00110011 00100001 10001000 11001010 01100001 00110011 00011000 00001100 11100110 00101111 00100101 10000111 11001011 01100000 11110011 01011000 11011100
00001110 00100111 00001011 01001010 10101000 11010001 10101010 10110100 00101010 11001101 00110010 10100001 01001000 10101010 010100010010101100010100000010101110010100101110101001010100011110101011010100001110101101010100110110100000110100100110100010111100101011101000111100011011101010111100001011101100111100110011101000011100100011101010011100010011101100011100000011101110011100101111101001011100011111101011011100001111101101011100110111100000111100100111100010110010101010011000110010011010011010110010001010011100110010110010011000010010100010011010010010010010011100010010000010011


100010101 100100011 100001101 100101011 100000101 100110011 100011001 100100001 100010001 100101001 100001001 100110001 100000001 100111001 100010111 100100101 100001111 100101101 100000111 100110101 100011011 100000011 100010011 100001011
010010101 010100011 010001101 010101011 010000101 010110011 010011001 010100001 010010001 010101001 010001001 010110001 010000001 010111001 010010111 010100101 010001111 010101101 010000111 010110101 010011011 010000011 010010011 010001011 110010101 110100011 110001101 110101011 1100001011101100111100110011101000011100100011101010011100010011101100011100000011101110011100101111101001011100011111101011011100001111101101011100110111100000111100100111100010110010101010011000110010011010011010110010001010011100110010110010011000010010100010011010010010010010011100010010000010011110010010101110011001010010011110011011010010001110011101010010110110010000110010100110010010111010101011011000111010011011011010111010001011011100111010110


0	0,7-1,7
1	1,6-2,6
2	2,5-3,5
3	3,4-4,4
4	4,3-5,3
5	5,2-6,2
6	6,1-7,1
7	7,0-8,0

8	9, 7-10,7
9	10,6-11,6
10	11,5-12,5
11	12,4-13,4
12	13,3-14,3
13  14,2-15,2
14	15,1-16,1
15	16,0-17,0

16	18,7-19,7
17	19,6-20,6
18	20,5-21,5
19	21,4-22,4
20	22,3-23,3
21	23,2-24,2
22	24,1-25,1
23	25,0-26,0

24,7-25,7
25,6-26,6
26,5-27,5